12C16O2 	6363.679 	5.446e-25 	0.006995 	0.0822 	0.109 	702.5363 	0.71 	-0.0054 	10 	9
12C16O2 	6363.704 	1.196e-29 	0.0001085 	0.0833 	0.111 	2031.4965 	0.72 	-0.0056 	9 	8
12C16O2 	6363.7276 	1.539e-23 	0.007582 	0.0718 	0.097 	197.4166 	0.7 	-0.005770 	23 	22
12C16O2 	6363.832 	1.24e-26 	0.005897 	0.0864 	0.115 	1346.8813 	0.75 	-0.0048 	6 	5
12C16O2 	6363.857 	3.233e-29 	0.01185 	0.0705 	0.096 	2995.6023 	0.73 	-0.0071 	25 	24
12C16O2 	6363.917 	1.667e-30 	0.01779 	0.0702 	0.095 	3697.0979 	0.74 	-0.0072 	26 	25
12C16O2 	6363.975 	4.687e-28 	2.144e-07 	0.0723 	0.099 	163.8684 	0.71 	-0.0063 	21 	20
12C16O2 	6364.052 	8.053e-30 	0.002416 	0.073 	0.1 	2909.4944 	0.71 	-0.0074 	20 	19
12C16O2 	6364.122 	1.441e-29 	0.004447 	0.0724 	0.099 	2925.1499 	0.71 	-0.0074 	21 	20
12C16O2 	6364.183 	3.952e-28 	0.004836 	0.0864 	0.115 	2015.0171 	0.75 	-0.0048 	6 	5
12C16O2 	6364.242 	1.047e-30 	2.798e-05 	0.0684 	0.083 	2541.6689 	0.76 	-0.0080 	38 	39
12C16O2 	6364.355 	1.921e-29 	0.00487 	0.0844 	0.112 	2693.7263 	0.73 	-0.0050 	8 	7
12C16O2 	6364.367 	1.527e-29 	0.0001297 	0.0822 	0.109 	2038.5588 	0.71 	-0.0059 	10 	9
12C16O2 	6364.370 	1.682e-30 	0.0003158 	0.0743 	0.101 	2791.9841 	0.69 	-0.0061 	18 	17
